1024
0 0 1
0 2 1
0 4 1
0 6 1
0 8 1
0 10 1
0 12 1
0 14 1
0 16 1
0 18 1
0 20 1
0 22 1
0 24 1
0 26 1
0 28 1
0 30 1
0 32 1
0 34 1
0 36 1
0 38 1
0 40 1
0 42 1
0 44 1
0 46 1
0 48 1
0 50 1
0 52 1
0 54 1
0 56 1
0 58 1
0 60 1
0 62 1
2 0 1
2 2 1
2 4 1
2 6 1
2 8 1
2 10 1
2 12 1
2 14 1
2 16 1
2 18 1
2 20 1
2 22 1
2 24 1
2 26 1
2 28 1
2 30 1
2 32 1
2 34 1
2 36 1
2 38 1
2 40 1
2 42 1
2 44 1
2 46 1
2 48 1
2 50 1
2 52 1
2 54 1
2 56 1
2 58 1
2 60 1
2 62 1
4 0 1
4 2 1
4 4 1
4 6 1
4 8 1
4 10 1
4 12 1
4 14 1
4 16 1
4 18 1
4 20 1
4 22 1
4 24 1
4 26 1
4 28 1
4 30 1
4 32 1
4 34 1
4 36 1
4 38 1
4 40 1
4 42 1
4 44 1
4 46 1
4 48 1
4 50 1
4 52 1
4 54 1
4 56 1
4 58 1
4 60 1
4 62 1
6 0 1
6 2 1
6 4 1
6 6 1
6 8 1
6 10 1
6 12 1
6 14 1
6 16 1
6 18 1
6 20 1
6 22 1
6 24 1
6 26 1
6 28 1
6 30 1
6 32 1
6 34 1
6 36 1
6 38 1
6 40 1
6 42 1
6 44 1
6 46 1
6 48 1
6 50 1
6 52 1
6 54 1
6 56 1
6 58 1
6 60 1
6 62 1
8 0 1
8 2 1
8 4 1
8 6 1
8 8 1
8 10 1
8 12 1
8 14 1
8 16 1
8 18 1
8 20 1
8 22 1
8 24 1
8 26 1
8 28 1
8 30 1
8 32 1
8 34 1
8 36 1
8 38 1
8 40 1
8 42 1
8 44 1
8 46 1
8 48 1
8 50 1
8 52 1
8 54 1
8 56 1
8 58 1
8 60 1
8 62 1
10 0 1
10 2 1
10 4 1
10 6 1
10 8 1
10 10 1
10 12 1
10 14 1
10 16 1
10 18 1
10 20 1
10 22 1
10 24 1
10 26 1
10 28 1
10 30 1
10 32 1
10 34 1
10 36 1
10 38 1
10 40 1
10 42 1
10 44 1
10 46 1
10 48 1
10 50 1
10 52 1
10 54 1
10 56 1
10 58 1
10 60 1
10 62 1
12 0 1
12 2 1
12 4 1
12 6 1
12 8 1
12 10 1
12 12 1
12 14 1
12 16 1
12 18 1
12 20 1
12 22 1
12 24 1
12 26 1
12 28 1
12 30 1
12 32 1
12 34 1
12 36 1
12 38 1
12 40 1
12 42 1
12 44 1
12 46 1
12 48 1
12 50 1
12 52 1
12 54 1
12 56 1
12 58 1
12 60 1
12 62 1
14 0 1
14 2 1
14 4 1
14 6 1
14 8 1
14 10 1
14 12 1
14 14 1
14 16 1
14 18 1
14 20 1
14 22 1
14 24 1
14 26 1
14 28 1
14 30 1
14 32 1
14 34 1
14 36 1
14 38 1
14 40 1
14 42 1
14 44 1
14 46 1
14 48 1
14 50 1
14 52 1
14 54 1
14 56 1
14 58 1
14 60 1
14 62 1
16 0 1
16 2 1
16 4 1
16 6 1
16 8 1
16 10 1
16 12 1
16 14 1
16 16 1
16 18 1
16 20 1
16 22 1
16 24 1
16 26 1
16 28 1
16 30 1
16 32 1
16 34 1
16 36 1
16 38 1
16 40 1
16 42 1
16 44 1
16 46 1
16 48 1
16 50 1
16 52 1
16 54 1
16 56 1
16 58 1
16 60 1
16 62 1
18 0 1
18 2 1
18 4 1
18 6 1
18 8 1
18 10 1
18 12 1
18 14 1
18 16 1
18 18 1
18 20 1
18 22 1
18 24 1
18 26 1
18 28 1
18 30 1
18 32 1
18 34 1
18 36 1
18 38 1
18 40 1
18 42 1
18 44 1
18 46 1
18 48 1
18 50 1
18 52 1
18 54 1
18 56 1
18 58 1
18 60 1
18 62 1
20 0 1
20 2 1
20 4 1
20 6 1
20 8 1
20 10 1
20 12 1
20 14 1
20 16 1
20 18 1
20 20 1
20 22 1
20 24 1
20 26 1
20 28 1
20 30 1
20 32 1
20 34 1
20 36 1
20 38 1
20 40 1
20 42 1
20 44 1
20 46 1
20 48 1
20 50 1
20 52 1
20 54 1
20 56 1
20 58 1
20 60 1
20 62 1
22 0 1
22 2 1
22 4 1
22 6 1
22 8 1
22 10 1
22 12 1
22 14 1
22 16 1
22 18 1
22 20 1
22 22 1
22 24 1
22 26 1
22 28 1
22 30 1
22 32 1
22 34 1
22 36 1
22 38 1
22 40 1
22 42 1
22 44 1
22 46 1
22 48 1
22 50 1
22 52 1
22 54 1
22 56 1
22 58 1
22 60 1
22 62 1
24 0 1
24 2 1
24 4 1
24 6 1
24 8 1
24 10 1
24 12 1
24 14 1
24 16 1
24 18 1
24 20 1
24 22 1
24 24 1
24 26 1
24 28 1
24 30 1
24 32 1
24 34 1
24 36 1
24 38 1
24 40 1
24 42 1
24 44 1
24 46 1
24 48 1
24 50 1
24 52 1
24 54 1
24 56 1
24 58 1
24 60 1
24 62 1
26 0 1
26 2 1
26 4 1
26 6 1
26 8 1
26 10 1
26 12 1
26 14 1
26 16 1
26 18 1
26 20 1
26 22 1
26 24 1
26 26 1
26 28 1
26 30 1
26 32 1
26 34 1
26 36 1
26 38 1
26 40 1
26 42 1
26 44 1
26 46 1
26 48 1
26 50 1
26 52 1
26 54 1
26 56 1
26 58 1
26 60 1
26 62 1
28 0 1
28 2 1
28 4 1
28 6 1
28 8 1
28 10 1
28 12 1
28 14 1
28 16 1
28 18 1
28 20 1
28 22 1
28 24 1
28 26 1
28 28 1
28 30 1
28 32 1
28 34 1
28 36 1
28 38 1
28 40 1
28 42 1
28 44 1
28 46 1
28 48 1
28 50 1
28 52 1
28 54 1
28 56 1
28 58 1
28 60 1
28 62 1
30 0 1
30 2 1
30 4 1
30 6 1
30 8 1
30 10 1
30 12 1
30 14 1
30 16 1
30 18 1
30 20 1
30 22 1
30 24 1
30 26 1
30 28 1
30 30 1
30 32 1
30 34 1
30 36 1
30 38 1
30 40 1
30 42 1
30 44 1
30 46 1
30 48 1
30 50 1
30 52 1
30 54 1
30 56 1
30 58 1
30 60 1
30 62 1
32 0 1
32 2 1
32 4 1
32 6 1
32 8 1
32 10 1
32 12 1
32 14 1
32 16 1
32 18 1
32 20 1
32 22 1
32 24 1
32 26 1
32 28 1
32 30 1
32 32 1
32 34 1
32 36 1
32 38 1
32 40 1
32 42 1
32 44 1
32 46 1
32 48 1
32 50 1
32 52 1
32 54 1
32 56 1
32 58 1
32 60 1
32 62 1
34 0 1
34 2 1
34 4 1
34 6 1
34 8 1
34 10 1
34 12 1
34 14 1
34 16 1
34 18 1
34 20 1
34 22 1
34 24 1
34 26 1
34 28 1
34 30 1
34 32 1
34 34 1
34 36 1
34 38 1
34 40 1
34 42 1
34 44 1
34 46 1
34 48 1
34 50 1
34 52 1
34 54 1
34 56 1
34 58 1
34 60 1
34 62 1
36 0 1
36 2 1
36 4 1
36 6 1
36 8 1
36 10 1
36 12 1
36 14 1
36 16 1
36 18 1
36 20 1
36 22 1
36 24 1
36 26 1
36 28 1
36 30 1
36 32 1
36 34 1
36 36 1
36 38 1
36 40 1
36 42 1
36 44 1
36 46 1
36 48 1
36 50 1
36 52 1
36 54 1
36 56 1
36 58 1
36 60 1
36 62 1
38 0 1
38 2 1
38 4 1
38 6 1
38 8 1
38 10 1
38 12 1
38 14 1
38 16 1
38 18 1
38 20 1
38 22 1
38 24 1
38 26 1
38 28 1
38 30 1
38 32 1
38 34 1
38 36 1
38 38 1
38 40 1
38 42 1
38 44 1
38 46 1
38 48 1
38 50 1
38 52 1
38 54 1
38 56 1
38 58 1
38 60 1
38 62 1
40 0 1
40 2 1
40 4 1
40 6 1
40 8 1
40 10 1
40 12 1
40 14 1
40 16 1
40 18 1
40 20 1
40 22 1
40 24 1
40 26 1
40 28 1
40 30 1
40 32 1
40 34 1
40 36 1
40 38 1
40 40 1
40 42 1
40 44 1
40 46 1
40 48 1
40 50 1
40 52 1
40 54 1
40 56 1
40 58 1
40 60 1
40 62 1
42 0 1
42 2 1
42 4 1
42 6 1
42 8 1
42 10 1
42 12 1
42 14 1
42 16 1
42 18 1
42 20 1
42 22 1
42 24 1
42 26 1
42 28 1
42 30 1
42 32 1
42 34 1
42 36 1
42 38 1
42 40 1
42 42 1
42 44 1
42 46 1
42 48 1
42 50 1
42 52 1
42 54 1
42 56 1
42 58 1
42 60 1
42 62 1
44 0 1
44 2 1
44 4 1
44 6 1
44 8 1
44 10 1
44 12 1
44 14 1
44 16 1
44 18 1
44 20 1
44 22 1
44 24 1
44 26 1
44 28 1
44 30 1
44 32 1
44 34 1
44 36 1
44 38 1
44 40 1
44 42 1
44 44 1
44 46 1
44 48 1
44 50 1
44 52 1
44 54 1
44 56 1
44 58 1
44 60 1
44 62 1
46 0 1
46 2 1
46 4 1
46 6 1
46 8 1
46 10 1
46 12 1
46 14 1
46 16 1
46 18 1
46 20 1
46 22 1
46 24 1
46 26 1
46 28 1
46 30 1
46 32 1
46 34 1
46 36 1
46 38 1
46 40 1
46 42 1
46 44 1
46 46 1
46 48 1
46 50 1
46 52 1
46 54 1
46 56 1
46 58 1
46 60 1
46 62 1
48 0 1
48 2 1
48 4 1
48 6 1
48 8 1
48 10 1
48 12 1
48 14 1
48 16 1
48 18 1
48 20 1
48 22 1
48 24 1
48 26 1
48 28 1
48 30 1
48 32 1
48 34 1
48 36 1
48 38 1
48 40 1
48 42 1
48 44 1
48 46 1
48 48 1
48 50 1
48 52 1
48 54 1
48 56 1
48 58 1
48 60 1
48 62 1
50 0 1
50 2 1
50 4 1
50 6 1
50 8 1
50 10 1
50 12 1
50 14 1
50 16 1
50 18 1
50 20 1
50 22 1
50 24 1
50 26 1
50 28 1
50 30 1
50 32 1
50 34 1
50 36 1
50 38 1
50 40 1
50 42 1
50 44 1
50 46 1
50 48 1
50 50 1
50 52 1
50 54 1
50 56 1
50 58 1
50 60 1
50 62 1
52 0 1
52 2 1
52 4 1
52 6 1
52 8 1
52 10 1
52 12 1
52 14 1
52 16 1
52 18 1
52 20 1
52 22 1
52 24 1
52 26 1
52 28 1
52 30 1
52 32 1
52 34 1
52 36 1
52 38 1
52 40 1
52 42 1
52 44 1
52 46 1
52 48 1
52 50 1
52 52 1
52 54 1
52 56 1
52 58 1
52 60 1
52 62 1
54 0 1
54 2 1
54 4 1
54 6 1
54 8 1
54 10 1
54 12 1
54 14 1
54 16 1
54 18 1
54 20 1
54 22 1
54 24 1
54 26 1
54 28 1
54 30 1
54 32 1
54 34 1
54 36 1
54 38 1
54 40 1
54 42 1
54 44 1
54 46 1
54 48 1
54 50 1
54 52 1
54 54 1
54 56 1
54 58 1
54 60 1
54 62 1
56 0 1
56 2 1
56 4 1
56 6 1
56 8 1
56 10 1
56 12 1
56 14 1
56 16 1
56 18 1
56 20 1
56 22 1
56 24 1
56 26 1
56 28 1
56 30 1
56 32 1
56 34 1
56 36 1
56 38 1
56 40 1
56 42 1
56 44 1
56 46 1
56 48 1
56 50 1
56 52 1
56 54 1
56 56 1
56 58 1
56 60 1
56 62 1
58 0 1
58 2 1
58 4 1
58 6 1
58 8 1
58 10 1
58 12 1
58 14 1
58 16 1
58 18 1
58 20 1
58 22 1
58 24 1
58 26 1
58 28 1
58 30 1
58 32 1
58 34 1
58 36 1
58 38 1
58 40 1
58 42 1
58 44 1
58 46 1
58 48 1
58 50 1
58 52 1
58 54 1
58 56 1
58 58 1
58 60 1
58 62 1
60 0 1
60 2 1
60 4 1
60 6 1
60 8 1
60 10 1
60 12 1
60 14 1
60 16 1
60 18 1
60 20 1
60 22 1
60 24 1
60 26 1
60 28 1
60 30 1
60 32 1
60 34 1
60 36 1
60 38 1
60 40 1
60 42 1
60 44 1
60 46 1
60 48 1
60 50 1
60 52 1
60 54 1
60 56 1
60 58 1
60 60 1
60 62 1
62 0 1
62 2 1
62 4 1
62 6 1
62 8 1
62 10 1
62 12 1
62 14 1
62 16 1
62 18 1
62 20 1
62 22 1
62 24 1
62 26 1
62 28 1
62 30 1
62 32 1
62 34 1
62 36 1
62 38 1
62 40 1
62 42 1
62 44 1
62 46 1
62 48 1
62 50 1
62 52 1
62 54 1
62 56 1
62 58 1
62 60 1
62 62 1
